fund,price,asset,global,company,financial
0.15764110532875236,0.15764110532875236,0.12382277573109503,0.15764110532875236,0.19520427930804635,0.004742148654518538
0.15764110532875236,0.15764110532875236,0.12382277573109503,0.15764110532875236,0.19520427930804635,0.004742148654518538
0.12382277573109503,0.12382277573109503,0.13523799685003535,0.12382277573109503,0.136418972697656,0.13233152629705
0.15764110532875236,0.15764110532875236,0.12382277573109503,0.15764110532875236,0.19520427930804635,0.004742148654518538
0.19520427930804635,0.19520427930804635,0.136418972697656,0.19520427930804635,0.2492461019055534,-0.051385539987363366
0.004742148654518538,0.004742148654518538,0.13233152629705,0.004742148654518538,-0.051385539987363366,0.4356427900938764
