fund,price,asset,global,company,financial
0.15764110532875208,0.15764110532875208,0.12382277573109483,0.15764110532875208,0.19520427930804618,0.004742148654518816
0.15764110532875208,0.15764110532875208,0.12382277573109483,0.15764110532875208,0.19520427930804618,0.004742148654518816
0.12382277573109483,0.12382277573109483,0.13523799685003515,0.12382277573109483,0.1364189726976559,0.13233152629704986
0.15764110532875208,0.15764110532875208,0.12382277573109483,0.15764110532875208,0.19520427930804618,0.004742148654518816
0.19520427930804618,0.19520427930804618,0.1364189726976559,0.19520427930804618,0.24924610190555335,-0.051385539987362935
0.004742148654518816,0.004742148654518816,0.13233152629704986,0.004742148654518816,-0.051385539987362935,0.435642790093875
